83,52
83,51
83,50
83,49
83,48
83,47
83,46
83,45
83,44
83,43
83,42
83,41
83,40
83,39
83,38
83,37
83,36
83,35
0,445
0,444
0,443
0,442
14,2
14,0
100,4
100,3
100,2
100,1
100,0
99,3
99,2
99,1
99,0
98,4
98,3
98,2
98,1
98,0
97,3
97,2
97,1
97,0
96,5
96,4
96,3
96,2
96,1
96,0
95,5
95,4
95,3
95,2
95,1
95,0
94,4
94,3
94,2
94,1
94,0
93,4
93,3
93,2
93,1
93,0
0,408
0,322
92,17
92,16
92,15
92,14
92,13
0,441
0,243
92,12
92,11
92,10
92,9
92,8
92,7
92,6
92,5
92,4
92,3
92,2
92,1
92,0
91,4
91,3
91,2
91,1
91,0
90,4
90,3
90,2
90,1
90,0
89,6
89,5
89,4
89,3
89,2
89,1
89,0
88,4
88,3
88,2
88,1
88,0
87,4
87,3
87,2
87,1
87,0
86,3
86,2
86,1
86,0
85,4
85,3
85,2
85,1
85,0
84,4
